      0/49     7.49G   0.07765   0.05224   0.04646    0.1763         7       576   0.04767    0.2132    0.1067    0.0261    0.0709   0.04132   0.03329
      1/49     7.53G    0.0574   0.03939   0.03081    0.1276         7       576    0.1938    0.3598    0.2717   0.06994   0.05514   0.03799   0.02433
      2/49     7.53G   0.05059   0.03685   0.02426    0.1117         7       576    0.2269    0.3609    0.2415   0.05457   0.05992   0.03802    0.0213
      3/49     7.53G   0.04991   0.03578   0.02254    0.1082         7       576    0.2634    0.3865    0.2704    0.0603   0.06173   0.03594   0.02003
      4/49     7.53G   0.04831   0.03514   0.02124    0.1047         6       576    0.2995    0.5582    0.3703     0.107   0.05316   0.03657   0.01871
      5/49     7.53G   0.04502   0.03474   0.01945   0.09921         7       576    0.2936    0.5627    0.3964      0.11   0.05526   0.03665   0.01701
      6/49     7.53G   0.04389   0.03427   0.01799   0.09615         7       576    0.2852    0.5298    0.3742    0.1009    0.0553    0.0355   0.01604
      7/49     7.53G   0.04235   0.03403   0.01705   0.09343         7       576    0.2816    0.4995    0.3463   0.08569   0.05838   0.03602   0.01547
      8/49     7.53G    0.0421   0.03383   0.01663   0.09256         7       576    0.4374    0.5792    0.4381    0.1241   0.05197   0.03575   0.01499
      9/49     7.53G   0.04017   0.03327   0.01569   0.08912         7       576    0.4495    0.6056    0.4835     0.141   0.05317   0.03561   0.01422
     10/49     7.53G   0.03991    0.0332   0.01515   0.08826         7       576    0.5538    0.5598    0.4569    0.1217   0.05581   0.03582   0.01345
     11/49     7.53G   0.03979   0.03298   0.01464   0.08741         7       576    0.4092     0.633    0.5494    0.1704   0.05083   0.03614   0.01397
     12/49     7.53G   0.03885   0.03274   0.01418   0.08577         7       576    0.4398    0.6878    0.5847    0.1786   0.05148   0.03602   0.01281
     13/49     7.53G   0.03938    0.0328   0.01332    0.0855         7       576    0.4823    0.7566    0.6708    0.2135   0.05016   0.03501   0.01239
     14/49     7.53G   0.03869    0.0325    0.0126   0.08379         7       576    0.5036    0.7224    0.6623    0.2015   0.05224   0.03578   0.01118
     15/49     7.53G   0.03856   0.03249    0.0121   0.08314         7       576    0.4471    0.7152    0.6042    0.1691   0.05259   0.03617   0.01143
     16/49     7.53G   0.03844   0.03263   0.01164   0.08271         7       576    0.4748    0.7556    0.6721    0.2094    0.0505   0.03606   0.01165
     17/49     7.53G   0.03824   0.03244   0.01134   0.08202         7       576    0.4454    0.8108    0.6782    0.2079   0.05038   0.03572   0.01091
     18/49     7.53G    0.0378   0.03225   0.01097   0.08103         7       576    0.4437    0.7971    0.6736    0.1934     0.052   0.03567   0.01057
     19/49     7.53G   0.03797   0.03225   0.01065   0.08087         7       576     0.437    0.7995    0.6595     0.202   0.04957   0.03569   0.01094
     20/49     7.53G   0.03772   0.03216   0.01053   0.08041         7       576    0.4631    0.8147     0.713    0.2205   0.04931   0.03605   0.01022
     21/49     7.53G   0.03769   0.03196   0.01036   0.08001         7       576    0.4799    0.8187    0.7363    0.2399   0.04898   0.03545    0.0103
     22/49     7.53G   0.03721    0.0318   0.01005   0.07905         7       576    0.4458    0.8343    0.7107    0.2057   0.05059   0.03609  0.009893
     23/49     7.53G    0.0373   0.03188   0.01003    0.0792         7       576     0.462    0.8368    0.7502    0.2398   0.04766   0.03542   0.01006
     24/49     7.53G   0.03706   0.03175  0.009794   0.07861         7       576    0.4662     0.848    0.7574    0.2366   0.04742   0.03576   0.01004
     25/49     7.53G     0.037   0.03154  0.009702   0.07824         7       576    0.4671    0.8519    0.7534    0.2438   0.04799   0.03574   0.00978
     26/49     7.53G   0.03664   0.03155  0.009522   0.07771         7       576    0.4553    0.8399    0.7258    0.2114   0.04911   0.03574  0.009557
     27/49     7.53G   0.03663   0.03134  0.009434   0.07741         6       576    0.4576    0.8515    0.7464    0.2495     0.046   0.03549   0.01006
     28/49     7.53G   0.03649   0.03125  0.009326   0.07707         7       576    0.4592    0.8557    0.7699    0.2423   0.04658   0.03556  0.009594
     29/49     7.53G   0.03631   0.03119  0.009154   0.07665         7       576    0.4649    0.8459    0.7688    0.2489   0.04703   0.03547  0.009588
     30/49     7.53G   0.03638   0.03128  0.009051   0.07672         7       576    0.4404    0.8472    0.7481    0.2368   0.04745   0.03581   0.01008
     31/49     7.53G   0.03626   0.03109  0.009029   0.07638         5       576    0.4682    0.8503    0.7648    0.2715    0.0447   0.03521  0.009697
     32/49     7.53G   0.03619   0.03078  0.008949   0.07592         7       576    0.4727    0.8656    0.7748    0.2627   0.04556   0.03557  0.009528
     33/49     7.53G   0.03582   0.03089  0.008738   0.07544         7       576    0.4715    0.8527    0.7524    0.2595   0.04565   0.03552  0.009686
     34/49     7.53G   0.03597   0.03074  0.008762   0.07547         6       576    0.4748    0.8733    0.7652    0.2553   0.04547   0.03571  0.009658
     35/49     7.53G   0.03585   0.03071   0.00865   0.07521         7       576    0.5028    0.8653    0.7807    0.2915   0.04359   0.03525  0.009554
     36/49     7.53G   0.03551   0.03053  0.008564   0.07461         6       576    0.4858    0.8738    0.7824    0.2899   0.04349    0.0353  0.009391
     37/49     7.53G   0.03535   0.03063  0.008459   0.07443         7       576    0.4847    0.8664    0.7892    0.2833   0.04479   0.03553  0.009333
     38/49     7.53G   0.03561   0.03047  0.008462   0.07454         7       576    0.4791    0.8654    0.7652    0.2747   0.04421   0.03549  0.009689
     39/49     7.53G   0.03544   0.03056  0.008445   0.07445         7       576    0.4997    0.8772    0.7985    0.3108   0.04193    0.0351  0.009489
     40/49     7.53G   0.03495   0.03029  0.008376   0.07361         7       576    0.4959    0.8783    0.8073    0.3197   0.04251   0.03527  0.009663
     41/49     7.53G   0.03491   0.03027  0.008229    0.0734         6       576    0.4818    0.8804    0.7962    0.3107     0.043   0.03533  0.009612
     42/49     7.53G   0.03491   0.03008  0.008287   0.07328         7       576    0.5063    0.8718    0.8105    0.3125    0.0428   0.03537  0.009683
     43/49     7.53G   0.03472   0.03013  0.008238   0.07309         6       576    0.5203    0.8777      0.81    0.3442   0.04114   0.03507  0.009757
     44/49     7.53G   0.03416   0.02998  0.008148   0.07229         7       576    0.4981    0.8905    0.8147    0.3268   0.04171   0.03498  0.009373
     45/49     7.53G   0.03424   0.03003  0.008063   0.07233         7       576    0.5018    0.8824    0.8067    0.3253   0.04174   0.03512  0.009696
     46/49     7.53G   0.03433   0.02986  0.008007   0.07219         7       576    0.5216    0.8748    0.8155    0.3331   0.04193   0.03524  0.009595
     47/49     7.53G   0.03398    0.0299   0.00801   0.07189         7       576    0.5127    0.8726    0.8061    0.3483   0.04056   0.03489  0.009472
     48/49     7.53G   0.03383   0.02974  0.008026    0.0716         7       576    0.5021    0.8772    0.8126    0.3428   0.04086     0.035  0.009722
     49/49     7.53G   0.03385   0.02983   0.00794   0.07161         6       576    0.5133     0.878    0.8072    0.3366   0.04112   0.03492  0.009682
