      0/49     7.24G   0.03451   0.01234         0   0.04685        18       768     0.386    0.8519    0.6314    0.2382   0.01455  0.007371         0
      1/49     7.25G   0.02255  0.005412         0   0.02796        18       768    0.7806    0.9831    0.9762    0.7314    0.0121  0.003704         0
      2/49     7.25G   0.01706  0.003746         0    0.0208        18       768    0.8866    0.9896    0.9793     0.741  0.009516  0.002951         0
      3/49     7.25G   0.01726  0.003265         0   0.02052        18       768    0.8734    0.9961    0.9858     0.691   0.01019  0.002468         0
      4/49     7.25G   0.01645  0.003014         0   0.01946        18       768    0.8789    0.9961    0.9885    0.8278  0.009626  0.002319         0
      5/49     7.25G   0.01519  0.002852         0   0.01805        18       768    0.9051    0.9961     0.984     0.778   0.01027  0.002376         0
      6/49     7.25G   0.01463  0.002948         0   0.01758        18       768    0.9223    0.9922    0.9857    0.8341  0.008192  0.002504         0
      7/49     7.25G   0.01365    0.0028         0   0.01645        18       768    0.7791    0.9935    0.9828    0.8224  0.007701  0.002257         0
      8/49     7.25G   0.01187  0.002558         0   0.01443        18       768    0.8548    0.9987    0.9807     0.843  0.007083  0.002018         0
      9/49     7.25G   0.01161  0.002421         0   0.01403        18       768    0.9653    0.9961    0.9884    0.8421  0.007059  0.001885         0
     10/49     7.25G   0.01053  0.002392         0   0.01292        18       768    0.9588    0.9974    0.9875    0.8607  0.005953  0.001821         0
     11/49     7.25G  0.009697  0.002255         0   0.01195        18       768    0.9591    0.9935    0.9851    0.8387  0.006067  0.001839         0
     12/49     7.25G  0.009541  0.002229         0   0.01177        18       768    0.9619    0.9987    0.9872    0.8725  0.005808    0.0017         0
     13/49     7.25G  0.009704  0.002185         0   0.01189        18       768    0.9693    0.9961    0.9907    0.8767  0.005385  0.001728         0
     14/49     7.25G  0.009079  0.002169         0   0.01125        18       768    0.9691    0.9974    0.9841    0.8531  0.006121  0.001715         0
     15/49     7.25G  0.008323  0.002161         0   0.01048        18       768    0.9579    0.9948    0.9882    0.8838  0.004668  0.001631         0
     16/49     7.25G  0.008653  0.002083         0   0.01074        18       768    0.9768    0.9987    0.9913    0.8845  0.004903  0.001578         0
     17/49     7.25G  0.007987  0.002011         0  0.009997        18       768    0.9786    0.9974    0.9895    0.8873  0.005501  0.001565         0
     18/49     7.25G  0.008903  0.001963         0   0.01087        18       768    0.9506    0.9987    0.9913    0.8784  0.006132    0.0016         0
     19/49     7.25G  0.008407  0.001971         0   0.01038        18       768    0.9722    0.9999    0.9908    0.8825  0.004867  0.001558         0
     20/49     7.25G  0.007909  0.001966         0  0.009875        18       768    0.9649    0.9974    0.9905    0.8781  0.005032  0.001563         0
     21/49     7.25G   0.00755  0.001911         0   0.00946        18       768    0.9733         1    0.9916    0.8879  0.005532  0.001542         0
     22/49     7.25G  0.007531  0.001892         0  0.009423        18       768    0.9359         1    0.9881    0.8821  0.005925  0.001577         0
     23/49     7.25G  0.007707  0.001834         0  0.009541        18       768    0.9757         1    0.9881    0.8889  0.004511  0.001455         0
     24/49     7.25G   0.00729   0.00182         0   0.00911        18       768    0.9608         1    0.9889    0.8925  0.004974  0.001477         0
     25/49     7.25G  0.007106  0.001769         0  0.008875        18       768    0.9686    0.9987    0.9907    0.8887  0.004586  0.001471         0
     26/49     7.25G   0.00679  0.001756         0  0.008546        18       768    0.9862    0.9974     0.993    0.8934  0.004579  0.001438         0
     27/49     7.25G  0.006621  0.001754         0  0.008375        18       768    0.9812         1     0.993    0.8953  0.004354  0.001446         0
     28/49     7.25G  0.006727  0.001672         0  0.008399        18       768    0.9821         1    0.9919    0.8892  0.004686    0.0014         0
     29/49     7.25G  0.006892  0.001684         0  0.008577        18       768    0.9817    0.9987     0.993    0.8939  0.004496  0.001401         0
     30/49     7.25G  0.006629  0.001684         0  0.008313        18       768    0.9834         1    0.9932    0.8978  0.004209  0.001381         0
     31/49     7.25G  0.006299  0.001594         0  0.007892        18       768     0.973         1    0.9916    0.8962  0.004526  0.001369         0
     32/49     7.25G  0.006212   0.00162         0  0.007831        18       768    0.9842         1    0.9909    0.8979  0.004059  0.001345         0
     33/49     7.25G  0.006012  0.001572         0  0.007583        18       768    0.9817         1    0.9905    0.8964  0.004181  0.001342         0
     34/49     7.25G  0.006232  0.001605         0  0.007837        18       768    0.9831         1    0.9922    0.9055  0.004233  0.001335         0
     35/49     7.25G  0.005956  0.001566         0  0.007522        18       768    0.9866         1    0.9924    0.9064  0.004158  0.001314         0
     36/49     7.25G  0.005979  0.001521         0    0.0075        18       768    0.9813         1    0.9915    0.8951  0.004402   0.00133         0
     37/49     7.25G  0.005544  0.001476         0   0.00702        18       768    0.9859         1    0.9931     0.906  0.004128  0.001315         0
     38/49     7.25G   0.00582    0.0015         0  0.007321        18       768    0.9808         1    0.9931    0.9066  0.004205   0.00132         0
     39/49     7.25G  0.005607  0.001494         0  0.007101        18       768    0.9867         1    0.9926    0.9073  0.004047  0.001323         0
     40/49     7.25G  0.005674  0.001459         0  0.007133        18       768    0.9863         1    0.9923    0.9064  0.004046  0.001307         0
     41/49     7.25G  0.005712  0.001452         0  0.007165        18       768    0.9863         1    0.9924    0.9051   0.00421  0.001297         0
     42/49     7.25G  0.005655  0.001459         0  0.007113        18       768    0.9823         1    0.9931    0.9089  0.004065  0.001296         0
     43/49     7.25G  0.005481  0.001445         0  0.006926        18       768    0.9847    0.9987    0.9933      0.91  0.004256  0.001298         0
     44/49     7.25G  0.005456  0.001474         0   0.00693        18       768    0.9844    0.9987    0.9938    0.9111  0.004057  0.001314         0
     45/49     7.25G  0.005749   0.00145         0    0.0072        18       768    0.9863    0.9987    0.9938    0.9076     0.004  0.001296         0
     46/49     7.25G  0.005401  0.001397         0  0.006798        18       768     0.985         1    0.9937    0.9114  0.004002  0.001283         0
     47/49     7.25G  0.005416  0.001401         0  0.006818        18       768    0.9839         1    0.9936    0.9074  0.004271  0.001285         0
     48/49     7.25G  0.005382  0.001397         0   0.00678        18       768    0.9857    0.9987    0.9939    0.9101   0.00399   0.00127         0
     49/49     7.25G   0.00526  0.001375         0  0.006635        18       768    0.9754         1     0.994    0.9117  0.004094  0.001291         0
