      0/99     6.21G    0.1343   0.03079   0.08276    0.2479        11       768         0         0 7.281e-07 7.281e-08    0.1162   0.04079   0.07292
      1/99     7.53G    0.1242   0.03164   0.07888    0.2347        21       768         0         0 6.771e-07 1.354e-07     0.108   0.04562   0.07046
      2/99     7.54G    0.1144   0.03571   0.07596    0.2261        11       768         0         0 1.755e-05 3.077e-06     0.103   0.04908   0.06943
      3/99     7.54G    0.0974   0.03939   0.07176    0.2086        21       768         0         0  0.002906 0.0006505   0.08903   0.05595   0.06616
      4/99     7.54G   0.08186   0.04142   0.06885    0.1921        21       768   0.06358   0.04671  0.009447  0.002094   0.07272   0.05272    0.0647
      5/99     7.54G   0.07081   0.03785   0.06656    0.1752        16       768    0.0354    0.1326   0.02577  0.007177   0.07022   0.04713   0.06211
      6/99     7.54G   0.06693   0.03364   0.06371    0.1643        21       768   0.08782    0.1313    0.0288   0.00777   0.06502   0.04441   0.05983
      7/99     7.54G   0.07509   0.03042   0.06239    0.1679        21       768   0.09319   0.08421   0.03582  0.009998   0.07345   0.04032   0.05778
      8/99     7.54G   0.07271   0.03005   0.06178    0.1645        21       768   0.03703   0.08961   0.02776  0.007952   0.07044   0.03962   0.05648
      9/99     7.54G   0.06547   0.03006   0.06104    0.1566        11       768    0.0528    0.1506   0.05014   0.01864   0.06365    0.0403   0.05501
     10/99     7.54G   0.06298   0.02965   0.05742      0.15        21       768    0.1122    0.1863   0.04733   0.01125    0.0575   0.03968   0.05371
     11/99     7.54G   0.06355   0.02845   0.05799      0.15        21       768   0.02575    0.2244    0.0501   0.01571   0.06196   0.03754   0.05244
     12/99     7.54G   0.06407   0.02723   0.05621    0.1475        15       768   0.09019    0.2198   0.07907   0.02394   0.05992   0.03758   0.05161
     13/99     7.54G   0.06065   0.02711   0.05451    0.1423        21       768    0.1057    0.2525   0.08484   0.02365   0.05797   0.03694   0.05046
     14/99     7.54G   0.06177   0.02657   0.05381    0.1421        15       768     0.121    0.2575    0.1265   0.04451   0.04893   0.03792   0.04975
     15/99     7.54G   0.05702   0.02646   0.05244    0.1359        21       768    0.1032      0.17   0.05749    0.0109    0.0623   0.03332   0.04756
     16/99     7.54G   0.05945    0.0258   0.05168    0.1369        21       768    0.0545    0.3034    0.1181   0.03307   0.05174   0.03514   0.04698
     17/99     7.54G   0.05679   0.02512     0.049    0.1309        21       768   0.07869    0.2468   0.08314   0.01848   0.06121   0.03403   0.04614
     18/99     7.54G   0.05769   0.02475   0.04614    0.1286        21       768    0.1255    0.3201    0.1718   0.05578    0.0461   0.03457   0.04471
     19/99     7.54G   0.05541   0.02479   0.04628    0.1265        16       768    0.0921    0.3097    0.1579   0.04787   0.05198    0.0329    0.0437
     20/99     7.54G   0.05562   0.02399   0.04531    0.1249        21       768    0.1884    0.2838    0.2334   0.09286   0.04295   0.03469   0.04319
     21/99     7.54G   0.05902   0.02642    0.0444    0.1298        21       768   0.08879    0.3126    0.1348   0.04382   0.05467   0.03429    0.0427
     22/99     7.54G   0.05915   0.02351   0.04213    0.1248        21       768    0.1733    0.2864    0.1863   0.05512    0.0518   0.03256   0.04173
     23/99     7.54G   0.05873   0.02303   0.04268    0.1244        21       768    0.1824    0.2923    0.2162   0.08527   0.04832   0.03428   0.04204
     24/99     7.54G   0.05814   0.02323   0.04174    0.1231        21       768    0.2552    0.2882    0.2324   0.08491   0.04881   0.03281   0.04108
     25/99     7.54G    0.0542   0.02279   0.04018    0.1172        21       768    0.1997    0.3405    0.2469   0.09714   0.04412   0.03141   0.03916
     26/99     7.54G    0.0565   0.02218   0.03958    0.1183        21       768     0.182    0.3361     0.264    0.1002   0.04624   0.03252   0.03926
     27/99     7.54G   0.05618   0.02221   0.03895    0.1173        21       768    0.1902    0.3454    0.2715    0.1179   0.04296   0.03168    0.0382
     28/99     7.54G   0.05488   0.02226   0.03859    0.1157        16       768    0.2451    0.3586    0.2861    0.1166   0.04555   0.03129   0.03693
     29/99     7.54G   0.05608   0.02212    0.0377    0.1159        21       768    0.2855    0.3915    0.3077    0.1391   0.04094   0.03167   0.03626
     30/99     7.54G   0.05181   0.02179   0.03597    0.1096        21       768    0.1752    0.4288    0.3178    0.1396   0.04052   0.03098   0.03552
     31/99     7.54G   0.05332   0.02198   0.03573     0.111        21       768    0.1629    0.4209    0.3078     0.142   0.04067   0.03126   0.03505
     32/99     7.54G   0.05079   0.02127   0.03426    0.1063        16       768    0.2647    0.4019    0.3205    0.1273   0.04228    0.0313   0.03469
     33/99     7.54G    0.0494   0.02121   0.03287    0.1035        16       768    0.2514    0.4279    0.3248    0.1422   0.04237   0.03096   0.03346
     34/99     7.54G   0.05187   0.02088   0.03268    0.1054        21       768    0.1209    0.4301    0.1953   0.05969   0.06217   0.03133   0.03224
     35/99     7.54G   0.05873   0.02148   0.03242    0.1126        21       768    0.2324    0.4623    0.3573    0.1543   0.04246    0.0305   0.03147
     36/99     7.54G   0.05398   0.02115     0.031    0.1061        21       768    0.2775    0.3886    0.3195    0.1042   0.05145   0.02996   0.03089
     37/99     7.54G   0.05629   0.02095   0.03121    0.1084        21       768    0.2928    0.4967    0.3996     0.191   0.03951   0.03025   0.03075
     38/99     7.54G   0.05136   0.02113   0.03045    0.1029        16       768    0.2254    0.4235    0.2982   0.08752   0.05017   0.02989   0.02975
     39/99     7.54G   0.05178   0.02102   0.03069    0.1035        18       768    0.2775    0.5149    0.4013     0.178    0.0392   0.02998   0.03019
     40/99     7.54G   0.05023   0.02042   0.02886   0.09951        21       768     0.303    0.5104    0.4054    0.1795   0.03967   0.03003   0.03028
     41/99     7.54G   0.05038   0.02051   0.02829   0.09918        21       768    0.3075    0.4837    0.3993    0.1842   0.03969   0.03067   0.03043
     42/99     7.54G   0.04899    0.0214   0.02776   0.09815        21       768     0.263    0.5256    0.3875    0.1401   0.04635   0.02994   0.02939
     43/99     7.54G   0.05134   0.02092   0.02657   0.09883        21       768    0.3034    0.5298    0.4287    0.1998   0.03948   0.02972   0.02878
     44/99     7.54G   0.04718   0.02077   0.02645    0.0944        21       768      0.28    0.5414    0.3957    0.1446   0.04332   0.02932   0.02855
     45/99     7.54G   0.04808   0.02024    0.0247   0.09302        21       768    0.3138     0.583    0.4504    0.2132    0.0362   0.02902   0.02797
     46/99     7.54G   0.04708   0.01997   0.02575    0.0928        16       768    0.3195    0.5838    0.4504    0.2127    0.0376   0.02911   0.02815
     47/99     7.54G    0.0468   0.01994   0.02458   0.09131        21       768    0.2988    0.5071     0.389    0.1299   0.04774    0.0288   0.02772
     48/99     7.54G   0.04817   0.01988   0.02352   0.09157        21       768     0.344    0.5396     0.452    0.2008   0.03903   0.02954    0.0275
     49/99     7.54G   0.04504   0.01988   0.02324   0.08816        21       768    0.3524    0.5616    0.4528    0.1937   0.03945   0.02953   0.02615
     50/99     7.54G   0.04447   0.01977    0.0229   0.08714        21       768     0.331    0.5934     0.468    0.2189   0.03849   0.02878    0.0256
     51/99     7.54G   0.04404   0.01981   0.02222   0.08607        21       768    0.3857    0.6196    0.4866    0.2108   0.03942   0.02866   0.02547
     52/99     7.54G   0.04531   0.01942   0.02096   0.08569        21       768    0.3871    0.6105    0.4906    0.2136   0.04076   0.02887   0.02571
     53/99     7.54G   0.04653   0.01982   0.02123   0.08759        16       768    0.4044    0.6181    0.5071    0.2409   0.03791     0.029   0.02615
     54/99     7.54G    0.0447    0.0197   0.02206   0.08646        19       768    0.3528    0.5916    0.4848    0.1903   0.04306   0.02868   0.02565
     55/99     7.54G   0.04564   0.01984   0.02034   0.08581        15       768    0.3561    0.6169    0.5131     0.253   0.03622   0.02889   0.02553
     56/99     7.54G   0.04329   0.01954   0.02013   0.08295        21       768    0.3473    0.5974    0.4971    0.1924    0.0421   0.02892   0.02461
     57/99     7.54G   0.04636   0.02079   0.02197   0.08912        21       768    0.4038    0.6035    0.5051    0.2287   0.03948   0.02927   0.02535
     58/99     7.54G   0.04345   0.02027    0.0214   0.08512        21       768    0.3235    0.5661    0.4657    0.1647   0.04387    0.0298   0.02548
     59/99     7.54G   0.04443   0.02014   0.02079   0.08536        16       768    0.3375    0.6146    0.5142    0.2345   0.03623   0.02925   0.02474
     60/99     7.54G   0.03998   0.01952   0.01991   0.07941        21       768    0.3307      0.61     0.529    0.2253   0.03825   0.02906   0.02412
     61/99     7.54G   0.04457   0.01975   0.01874   0.08306        16       768    0.4053    0.6245     0.529     0.248   0.03673   0.02878   0.02379
     62/99     7.54G   0.04051   0.01926   0.01898   0.07875        21       768    0.3944    0.6172    0.5391    0.2481   0.03759   0.02885   0.02325
     63/99     7.54G   0.04078    0.0187   0.02034   0.07983        15       768    0.4068    0.5992     0.542    0.2405   0.03861   0.02906   0.02271
     64/99     7.54G   0.04194   0.01933   0.01778   0.07905        21       768    0.4722    0.6268    0.5746    0.2853   0.03541   0.02915   0.02239
     65/99     7.54G   0.04337    0.0192   0.01906   0.08163        15       768    0.4341    0.5795    0.5289    0.1987   0.04128   0.02902   0.02316
     66/99     7.54G   0.04128   0.01879   0.01742   0.07749        21       768    0.4445    0.6163    0.5647    0.2619   0.03696   0.02837    0.0229
     67/99     7.54G   0.03981   0.01887   0.01654   0.07521        21       768     0.429    0.6053    0.5656    0.2208   0.04042   0.02861   0.02219
     68/99     7.54G   0.04166   0.01899   0.01693   0.07757        21       768    0.4739    0.6238    0.5834    0.2604    0.0365   0.02828   0.02249
     69/99     7.54G   0.03884   0.01799   0.01664   0.07348        21       768    0.4778    0.6301    0.5943    0.2901   0.03459   0.02814   0.02168
     70/99     7.54G   0.03924   0.01881   0.01617   0.07422        16       768    0.4868    0.6183    0.5752    0.2273   0.03829   0.02862   0.02152
     71/99     7.54G   0.04033   0.01877   0.01641    0.0755        16       768    0.5021    0.6403    0.5829    0.2733   0.03533   0.02833   0.02202
     72/99     7.54G    0.0377   0.01832   0.01589    0.0719        21       768       0.5    0.6262    0.5632    0.2426   0.03893   0.02869   0.02321
     73/99     7.54G   0.04055   0.01906   0.01569    0.0753        21       768    0.5057     0.634     0.587    0.2631   0.03679   0.02905   0.02234
     74/99     7.54G   0.03823   0.01857   0.01563   0.07243        21       768    0.5011     0.628     0.593    0.2608   0.03783   0.02941   0.02249
     75/99     7.54G   0.03925   0.01877   0.01487   0.07289        21       768    0.5047    0.6283    0.5913    0.2768    0.0361   0.02957    0.0222
     76/99     7.54G   0.03875   0.01839   0.01479   0.07193        16       768    0.4463     0.599    0.5736    0.2188    0.0413   0.02932   0.02138
     77/99     7.54G   0.03812   0.01841   0.01509   0.07162        21       768    0.4509    0.6188    0.6065    0.2811   0.03619   0.02859   0.02097
     78/99     7.54G   0.03728   0.01822   0.01423   0.06973        21       768    0.4983    0.6299    0.6103    0.2777    0.0357   0.02857   0.02159
     79/99     7.54G   0.03603   0.01836   0.01353   0.06792        21       768    0.4991    0.6373    0.6051    0.2815   0.03612   0.02848   0.02253
     80/99     7.54G   0.03777   0.01839   0.01383   0.06999        21       768     0.513    0.6229    0.5937     0.263   0.03608   0.02879   0.02299
     81/99     7.54G   0.03728   0.01836   0.01279   0.06842        21       768     0.514    0.6186    0.5827    0.2583   0.03696   0.02926   0.02275
     82/99     7.54G   0.03713   0.01859   0.01255   0.06827        21       768    0.5083    0.6211    0.5856    0.2528   0.03705   0.02936   0.02303
     83/99     7.54G   0.03855    0.0181   0.01291   0.06957        21       768    0.4544    0.6131    0.6127    0.2791    0.0352   0.02904   0.02008
     84/99     7.54G   0.03822   0.01856   0.01275   0.06954        21       768    0.5615    0.6229     0.598    0.2552    0.0372   0.02896   0.02022
     85/99     7.54G   0.03704   0.01768   0.01312   0.06783        11       768    0.5044    0.6311    0.6029    0.2736   0.03652   0.02857   0.01919
     86/99     7.54G   0.03856   0.01819   0.01323   0.06998        16       768    0.5074     0.635    0.5867    0.2737   0.03738    0.0284   0.02141
     87/99     7.54G   0.03727   0.01812   0.01262   0.06801        21       768     0.499    0.6212      0.59    0.2568   0.03755   0.02851   0.01913
     88/99     7.54G   0.03734   0.01828   0.01226   0.06787        21       768    0.4615    0.6179    0.5588    0.2472   0.03796   0.02839   0.02268
     89/99     7.54G   0.03812   0.01831   0.01117    0.0676        21       768    0.4669     0.614    0.5726    0.2468   0.03694   0.02835   0.02175
     90/99     7.54G    0.0374   0.01776   0.01215   0.06732        21       768    0.4729    0.6058    0.5507    0.2349   0.03751   0.02848   0.02446
     91/99     7.54G    0.0367     0.018   0.01198   0.06668        21       768    0.4756    0.5957    0.5559    0.2342   0.03869   0.02888   0.02457
     92/99     7.54G   0.03697   0.01809   0.01169   0.06676        21       768    0.5018    0.5968    0.5633    0.2202   0.03954   0.02893   0.02166
     93/99     7.54G   0.03864   0.01795   0.01148   0.06806        21       768    0.5179    0.6163    0.5839    0.2593   0.03644   0.02868   0.02088
     94/99     7.54G   0.03675   0.01788   0.01188   0.06651        21       768    0.5553    0.6344    0.6026    0.2615   0.03735   0.02848   0.01651
     95/99     7.54G   0.03669   0.01775   0.01129   0.06573        21       768    0.4619    0.6223    0.6031    0.2763   0.03487   0.02825   0.01765
     96/99     7.54G   0.03597   0.01817   0.01073   0.06487        21       768    0.4948    0.6346    0.6214    0.2883    0.0345   0.02828   0.01605
     97/99     7.54G   0.03609   0.01831   0.01066   0.06506        21       768    0.6066    0.6309    0.5749     0.246   0.03606   0.02862   0.02427
     98/99     7.54G   0.03695   0.01775   0.01158   0.06628        21       768    0.5525     0.629    0.6034    0.2737    0.0357   0.02861   0.01991
     99/99     7.54G   0.03731   0.01756    0.0107   0.06556        21       768    0.5626    0.6219    0.5937    0.2479   0.03711   0.02889   0.02241
